!
! https://gitlab.com/jrh/wiglaf
!  murchison-59-g41547587c2d-dirty
!
! external/p223/libfranken.f90
!
! Copyright (C) 2017 CSRIO
!
! This file is part of wiglaf
!
! Wiglaf is free software: you can redistribute it and/or modify it under the terms of 
! the GNU General Public License as published by the Free Software Foundation, either 
! version 3 of the License, or (at your option) any later version.
!
! Wiglaf is distributed in the hope that it will be useful, but WITHOUT ANY WARRANTY; 
! without even the implied warranty of MERCHANTABILITY or FITNESS FOR A PARTICULAR 
! PURPOSE. See the GNU General Public License for more details.
!
! You should have received a copy of the GNU General Public License along with wiglaf. 
! If not, see <https://www.gnu.org/licenses/>.
!
! To contact CSIRO about this software you can e-mail
! juerg.hauser@csiro.au
!
! Wiglaf relies on several of the programs that form the P223 suite 
! to solve the forward problem. This file belongs to the version of 
! LeroiAir distributed as part of wiglaf. The original code has been
! re-organised into modules with unique names that can be compiled 
! into a library with a C interface using iso c bindings. It provides
! functions that can be called  to compute the model response for 
! specific AEM systems and is also linked to from a standalone 
! executable that is functionally equivalent to the original LeroiAir.
!
! leroiair.f90 	   - the main program
! libleroiair.f90  - original subroutines reorganised into different modules
! clibleroiair.f90 - functions to compute the model response for specific systems
! libfranken.f90   - leroi routines that are used if the plunge is not zero
! 
! The orignal copy right notice and documentation for LeroiAir is in libleroiair.f90
!

MODULE FRANKEN_FILTER_COEFFICIENTS
  !--------------------------

  IMPLICIT NONE

  INTEGER, PARAMETER :: JNLO=-250, JNHI=150, NDEC_JN=15, QL=SELECTED_REAL_KIND(12,80)
  INTEGER J9
  REAL(KIND=QL) WJ0(JNLO:JNHI), WJ1(JNLO:JNHI), WCOS(-200:99), DELCOS, SHFTJN
  SAVE

  !  Filter restored to original LeroiAir 7 February, 2000 (artificial shift removed)

  !  J0 filter coefficients computed from the Niels Christensen program, FILCOA
  !  for the following parameters:
  !
  !   ANY =  0      AMY =  0      NDEC = 15       NLO = -250        NHI =  150
  !   IOPT = 1   ISHIFT = 0      OMEGA = .3 PI    EPS = 1.0E-12      SC = 3.257209
  !      A = 0.162875             DEL0 = 0.14314998               ERROR =  1.4032E-08

  DATA SHFTJN /0.14314998_QL/
  DATA (WJ0(J9), J9= -250,-161)/ &
       2.86608135867D-18,  3.34160553102D-18,  3.89602601168D-18,  4.54243283439D-18,  5.29608785801D-18,  6.17478510356D-18, &
       7.19927087644D-18,  8.39373359283D-18,  9.78637487555D-18,  1.14100754027D-17,  1.33031712306D-17,  1.55103589191D-17, &
       1.80837508313D-17,  2.10841055215D-17,  2.45822622636D-17,  2.86608135867D-17,  3.34160553102D-17,  3.89602601168D-17, &
       4.54243283439D-17,  5.29608785801D-17,  6.17478510356D-17,  7.19927087644D-17,  8.39373359283D-17,  9.78637487555D-17, &
       1.14100754027D-16,  1.33031712306D-16,  1.55103589191D-16,  1.80837508313D-16,  2.10841055215D-16,  2.45822622636D-16, &
       2.86608135867D-16,  3.34160553102D-16,  3.89602601168D-16,  4.54243283439D-16,  5.29608785801D-16,  6.17478510356D-16, &
       7.19927087644D-16,  8.39373359283D-16,  9.78637487555D-16,  1.14100754027D-15,  1.33031712306D-15,  1.55103589191D-15, &
       1.80837508313D-15,  2.10841055215D-15,  2.45822622636D-15,  2.86608135867D-15,  3.34160553102D-15,  3.89602601168D-15, &
       4.54243283439D-15,  5.29608785801D-15,  6.17478510356D-15,  7.19927087644D-15,  8.39373359283D-15,  9.78637487555D-15, &
       1.14100754027D-14,  1.33031712306D-14,  1.55103589191D-14,  1.80837508313D-14,  2.10841055215D-14,  2.45822622636D-14, &
       2.86608135867D-14,  3.34160553102D-14,  3.89602601168D-14,  4.54243283439D-14,  5.29608785801D-14,  6.17478510356D-14, &
       7.19927087644D-14,  8.39373359283D-14,  9.78637487555D-14,  1.14100754027D-13,  1.33031712306D-13,  1.55103589191D-13, &
       1.80837508313D-13,  2.10841055215D-13,  2.45822622636D-13,  2.86608135867D-13,  3.34160553102D-13,  3.89602601168D-13, &
       4.54243283439D-13,  5.29608785801D-13,  6.17478510356D-13,  7.19927087644D-13,  8.39373359283D-13,  9.78637487555D-13, &
       1.14100754027D-12,  1.33031712306D-12,  1.55103589191D-12,  1.80837508313D-12,  2.10841055215D-12,  2.45822622636D-12/
  DATA (WJ0(J9),J9= -160,-71)/ &
       2.86608135867D-12,  3.34160553102D-12,  3.89602601168D-12,  4.54243283439D-12,  5.29608785801D-12,  6.17478510356D-12, &
       7.19927087644D-12,  8.39373359283D-12,  9.78637487555D-12,  1.14100754027D-11,  1.33031712306D-11,  1.55103589191D-11, &
       1.80837508313D-11,  2.10841055215D-11,  2.45822622636D-11,  2.86608135867D-11,  3.34160553102D-11,  3.89602601168D-11, &
       4.54243283439D-11,  5.29608785801D-11,  6.17478510356D-11,  7.19927087644D-11,  8.39373359283D-11,  9.78637487555D-11, &
       1.14100754027D-10,  1.33031712306D-10,  1.55103589191D-10,  1.80837508313D-10,  2.10841055215D-10,  2.45822622636D-10, &
       2.86608135867D-10,  3.34160553102D-10,  3.89602601168D-10,  4.54243283439D-10,  5.29608785801D-10,  6.17478510356D-10, &
       7.19927087644D-10,  8.39373359283D-10,  9.78637487555D-10,  1.14100754027D-09,  1.33031712306D-09,  1.55103589191D-09, &
       1.80837508313D-09,  2.10841055215D-09,  2.45822622636D-09,  2.86608135867D-09,  3.34160553102D-09,  3.89602601168D-09, &
       4.54243283439D-09,  5.29608785801D-09,  6.17478510356D-09,  7.19927087644D-09,  8.39373359283D-09,  9.78637487555D-09, &
       1.14100754027D-08,  1.33031712306D-08,  1.55103589191D-08,  1.80837508313D-08,  2.10841055215D-08,  2.45822622636D-08, &
       2.86608135867D-08,  3.34160553102D-08,  3.89602601168D-08,  4.54243283439D-08,  5.29608785801D-08,  6.17478510356D-08, &
       7.19927087644D-08,  8.39373359283D-08,  9.78637487555D-08,  1.14100754027D-07,  1.33031712306D-07,  1.55103589191D-07, &
       1.80837508313D-07,  2.10841055215D-07,  2.45822622635D-07,  2.86608135866D-07,  3.34160553102D-07,  3.89602601167D-07, &
       4.54243283438D-07,  5.29608785799D-07,  6.17478510354D-07,  7.19927087640D-07,  8.39373359277D-07,  9.78637487545D-07, &
       1.14100754026D-06,  1.33031712304D-06,  1.55103589187D-06,  1.80837508307D-06,  2.10841055205D-06,  2.45822622620D-06/
  DATA (WJ0(J9),J9= -70,19)/ &
       2.86608135842D-06,  3.34160553063D-06,  3.89602601105D-06,  4.54243283340D-06,  5.29608785643D-06,  6.17478510107D-06, &
       7.19927087248D-06,  8.39373358656D-06,  9.78637486561D-06,  1.14100753870D-05,  1.33031712056D-05,  1.55103588795D-05, &
       1.80837507685D-05,  2.10841054221D-05,  2.45822621060D-05,  2.86608133369D-05,  3.34160549143D-05,  3.89602594894D-05, &
       4.54243273495D-05,  5.29608770041D-05,  6.17478485378D-05,  7.19927048056D-05,  8.39373296541D-05,  9.78637388116D-05, &
       1.14100738267D-04,  1.33031687328D-04,  1.55103549604D-04,  1.80837445571D-04,  2.10840955776D-04,  2.45822465035D-04, &
       2.86607886087D-04,  3.34160157229D-04,  3.89601973751D-04,  4.54242289050D-04,  5.29607209800D-04,  6.17476012564D-04, &
       7.19923128912D-04,  8.39367085119D-04,  9.78627543681D-04,  1.14099178031D-03,  1.33029214523D-03,  1.55099630479D-03, &
       1.80831234191D-03,  2.10831111434D-03,  2.45806862870D-03,  2.86583158466D-03,  3.34120966900D-03,  3.89539861933D-03, &
       4.54143849891D-03,  5.29451197347D-03,  6.17228756167D-03,  7.19531268313D-03,  8.38746058912D-03,  9.77643350230D-03, &
       1.13943208262D-02,  1.32782050079D-02,  1.54707967971D-02,  1.80210634703D-02,  2.09847837166D-02,  2.44249145050D-02, &
       2.84115778193D-02,  3.30213524808D-02,  3.83353639832D-02,  4.44353673090D-02,  5.13965627145D-02,  5.92752031985D-02, &
       6.80880607240D-02,  7.77794366644D-02,  8.81696149649D-02,  9.88766639298D-02,  1.09202052802D-01,  1.17971700371D-01, &
       1.23332521049D-01,  1.22530035854D-01,  1.11753240889D-01,  8.62569960973D-02,  4.11899187108D-02, -2.61456504772D-02, &
       -1.11691705121D-01, -1.97411432453D-01, -2.44254055664D-01, -1.95918893763D-01, -1.49300191739D-02,  2.33634698676D-01, &
       3.13582629541D-01, -4.47760615930D-03, -3.86535797015D-01, -3.87589109967D-03,  4.18653972543D-01, -4.16298788795D-01/
  DATA (WJ0(J9),J9= 20,109)/ &
       2.34448877498D-01, -9.52158343728D-02,  3.09020778713D-02, -8.49535839509D-03,  2.06835506815D-03, -4.67185821059D-04, &
       1.02086153218D-04, -2.20830053233D-05,  4.76413760468D-06, -1.02705545675D-06,  2.21421979164D-07, -4.77750910705D-08, &
       1.03340738634D-08, -2.25102276694D-09,  4.99715357680D-10, -1.16500471179D-10,  3.03986897639D-11, -9.72611811870D-12, &
       3.99994042396D-12, -2.00348565820D-12,  1.11608417099D-12, -6.50767639555D-13,  3.86180817012D-13, -2.30659587418D-13, &
       1.38093695980D-13, -8.27455585993D-14,  4.95961642994D-14, -2.97302965597D-14,  1.78224472343D-14, -1.06841897105D-14, &
       6.40498685290D-15, -3.83968417568D-15,  2.30182896520D-15, -1.37991039489D-15,  8.27234374391D-16, -4.95913890248D-16, &
       2.97292643817D-16, -1.78222228351D-16,  1.06841401468D-16, -6.40497544674D-17,  3.83968128138D-17, -2.30182807939D-17, &
       1.37991004842D-17, -8.27234560136D-18,  4.95913797287D-18, -2.97292590016D-18,  1.78222272891D-18, -1.06841382487D-18, &
       6.40497431324D-19, -3.83968224515D-19,  2.30182767120D-19, -1.37990980321D-19,  8.27234414081D-20, -4.95914134387D-20, &
       2.97292537295D-20, -1.78222241286D-20,  1.06841455108D-20, -6.40497317742D-21,  3.83968156424D-21, -2.30182923671D-21, &
       1.37990955793D-21, -8.27234267383D-22,  4.95914046240D-22, -2.97292739490D-22,  1.78222209690D-22, -1.06841436161D-22, &
       6.40497753124D-23, -3.83968088314D-23,  2.30182784256D-23, -1.37991049701D-23,  8.27234475022D-24, -4.95913958682D-24, &
       2.97292559305D-24, -1.78222330828D-24,  1.06841371450D-24, -6.40497639510D-25,  3.83968184851D-25, -2.30182842033D-25, &
       1.37990966066D-25, -8.27234682962D-26,  4.95914083158D-26, -2.97292634049D-26,  1.78222222810D-26, -1.06841489841D-26, &
       6.40497251344D-27, -3.83968281228D-27,  2.30182702533D-27, -1.37991000702D-27,  8.27234181627D-28, -4.95914207635D-28/
  DATA WJ0(110:150)/ &
       2.97292963477D-28, -1.78222420371D-28,  1.06841425086D-28, -6.40497412376D-29,  3.83968377606D-29, -2.30182957681D-29, &
       1.37991153609D-29, -8.27235098582D-30,  4.95914332316D-30, -2.97292528486D-30,  1.78222312353D-30, -1.06841451903D-30, &
       6.40498122076D-31, -3.83968474142D-31,  2.30183015458D-31, -1.37991188353D-31,  8.27234597206D-32, -4.95914031749D-32, &
       2.97292858145D-32, -1.78222357152D-32,  1.06841478804D-32, -6.40498282844D-33,  3.83968570659D-33, -2.30182876031D-33, &
       1.37991104718D-33, -8.27234805187D-34,  4.95914156225D-34, -2.97292932767D-34,  1.78222401887D-34, -1.06841414093D-34, &
       6.40497895409D-35, -3.83968338099D-35,  2.30182933903D-35, -1.37991139355D-35,  8.27235013127D-36, -4.95914281087D-36, &
       2.97292752582D-36, -1.78222294016D-36,  1.06841440910D-36, -6.40498056176D-37,  3.83968434477D-37/

  !  J1 filter coefficients computed from the Niels Christensen program, FILCOA
  !  for the following parameters:
  !
  !   ANY =  1      AMY =  0      NDD+C = 15       NLO = -250        NHI =  150
  !   IOPT = 1   ISHIFT = 0      OMD+GA = .3 PI    D+PS = 1.0D-12      SC = 3.257209
  !      A = 0.162875             DD+L0 = 0.14314998               D+RROR =  1.4032D-08

  DATA (WJ1(J9),J9= -250,-161)/ &
       2.67560875879D-35,  3.63710586576D-35,  4.94412310292D-35,  6.72082533724D-35,  9.13599687416D-35,  1.24190757379D-34, &
       1.68819499732D-34,  2.29485865865D-34,  3.11953078380D-34,  4.24055410750D-34,  5.76442432690D-34,  7.83590704850D-34, &
       1.06517903247D-33,  1.44795792522D-33,  1.96829085937D-33,  2.67560875879D-33,  3.63710586576D-33,  4.94412310292D-33, &
       6.72082533724D-33,  9.13599687416D-33,  1.24190757379D-32,  1.68819499732D-32,  2.29485865865D-32,  3.11953078380D-32, &
       4.24055410750D-32,  5.76442432690D-32,  7.83590704850D-32,  1.06517903247D-31,  1.44795792522D-31,  1.96829085937D-31, &
       2.67560875879D-31,  3.63710586576D-31,  4.94412310292D-31,  6.72082533724D-31,  9.13599687416D-31,  1.24190757379D-30, &
       1.68819499732D-30,  2.29485865865D-30,  3.11953078380D-30,  4.24055410750D-30,  5.76442432690D-30,  7.83590704850D-30, &
       1.06517903247D-29,  1.44795792522D-29,  1.96829085937D-29,  2.67560875879D-29,  3.63710586576D-29,  4.94412310292D-29, &
       6.72082533724D-29,  9.13599687416D-29,  1.24190757379D-28,  1.68819499732D-28,  2.29485865865D-28,  3.11953078380D-28, &
       4.24055410750D-28,  5.76442432690D-28,  7.83590704850D-28,  1.06517903247D-27,  1.44795792522D-27,  1.96829085937D-27, &
       2.67560875879D-27,  3.63710586576D-27,  4.94412310292D-27,  6.72082533724D-27,  9.13599687416D-27,  1.24190757379D-26, &
       1.68819499732D-26,  2.29485865865D-26,  3.11953078380D-26,  4.24055410750D-26,  5.76442432690D-26,  7.83590704850D-26, &
       1.06517903247D-25,  1.44795792522D-25,  1.96829085937D-25,  2.67560875879D-25,  3.63710586576D-25,  4.94412310292D-25, &
       6.72082533724D-25,  9.13599687416D-25,  1.24190757379D-24,  1.68819499732D-24,  2.29485865865D-24,  3.11953078380D-24, &
       4.24055410750D-24,  5.76442432690D-24,  7.83590704850D-24,  1.06517903247D-23,  1.44795792522D-23,  1.96829085937D-23/
  DATA (WJ1(J9),J9= -160,-71)/ &
       2.67560875879D-23,  3.63710586576D-23,  4.94412310292D-23,  6.72082533724D-23,  9.13599687416D-23,  1.24190757379D-22, &
       1.68819499732D-22,  2.29485865865D-22,  3.11953078380D-22,  4.24055410750D-22,  5.76442432690D-22,  7.83590704850D-22, &
       1.06517903247D-21,  1.44795792522D-21,  1.96829085937D-21,  2.67560875879D-21,  3.63710586576D-21,  4.94412310292D-21, &
       6.72082533724D-21,  9.13599687416D-21,  1.24190757379D-20,  1.68819499732D-20,  2.29485865865D-20,  3.11953078380D-20, &
       4.24055410750D-20,  5.76442432690D-20,  7.83590704850D-20,  1.06517903247D-19,  1.44795792522D-19,  1.96829085937D-19, &
       2.67560875879D-19,  3.63710586576D-19,  4.94412310292D-19,  6.72082533724D-19,  9.13599687416D-19,  1.24190757379D-18, &
       1.68819499732D-18,  2.29485865865D-18,  3.11953078380D-18,  4.24055410750D-18,  5.76442432690D-18,  7.83590704850D-18, &
       1.06517903247D-17,  1.44795792522D-17,  1.96829085937D-17,  2.67560875879D-17,  3.63710586576D-17,  4.94412310292D-17, &
       6.72082533724D-17,  9.13599687416D-17,  1.24190757379D-16,  1.68819499732D-16,  2.29485865865D-16,  3.11953078380D-16, &
       4.24055410750D-16,  5.76442432690D-16,  7.83590704850D-16,  1.06517903247D-15,  1.44795792522D-15,  1.96829085937D-15, &
       2.67560875879D-15,  3.63710586576D-15,  4.94412310292D-15,  6.72082533724D-15,  9.13599687416D-15,  1.24190757379D-14, &
       1.68819499732D-14,  2.29485865865D-14,  3.11953078380D-14,  4.24055410750D-14,  5.76442432690D-14,  7.83590704849D-14, &
       1.06517903247D-13,  1.44795792522D-13,  1.96829085938D-13,  2.67560875878D-13,  3.63710586577D-13,  4.94412310288D-13, &
       6.72082533728D-13,  9.13599687406D-13,  1.24190757380D-12,  1.68819499729D-12,  2.29485865868D-12,  3.11953078372D-12, &
       4.24055410758D-12,  5.76442432666D-12,  7.83590704871D-12,  1.06517903240D-11,  1.44795792527D-11,  1.96829085917D-11/
  DATA (WJ1(J9),J9= -70,19)/ &
       2.67560875891D-11,  3.63710586515D-11,  4.94412310317D-11,  6.72082533541D-11,  9.13599687462D-11,  1.24190757324D-10, &
       1.68819499736D-10,  2.29485865695D-10,  3.11953078363D-10,  4.24055410221D-10,  5.76442432542D-10,  7.83590703194D-10, &
       1.06517903172D-09,  1.44795791998D-09,  1.96829085611D-09,  2.67560874206D-09,  3.63710585268D-09,  4.94412304898D-09, &
       6.72082528725D-09,  9.13599669890D-09,  1.24190755523D-08,  1.68819493996D-08,  2.29485859113D-08,  3.11953059487D-08, &
       4.24055386543D-08,  5.76442370102D-08,  7.83590618983D-08,  1.06517882412D-07,  1.44795762309D-07,  1.96829016283D-07, &
       2.67560770231D-07,  3.63710352883D-07,  4.94411942636D-07,  6.72081747305D-07,  9.13598412795D-07,  1.24190492063D-06, &
       1.68819059152D-06,  2.29484968860D-06,  3.11951559104D-06,  4.24052372735D-06,  5.76437203602D-06,  7.83580400571D-06, &
       1.06516106220D-05,  1.44792293329D-05,  1.96822917833D-05,  2.67548981332D-05,  3.63689436167D-05,  4.94371845248D-05, &
       6.72010067340D-05,  9.13461935181D-05,  1.24165945005D-04,  1.68772580859D-04,  2.29400955289D-04,  3.11793204874D-04, &
       4.23764974965D-04,  5.75897507579D-04,  7.82597702990D-04,  1.06332133421D-03,  1.44456435715D-03,  1.96195766368D-03, &
       2.66401748131D-03,  3.61551958902D-03,  4.90456094796D-03,  6.64729428357D-03,  9.00112880743D-03,  1.21689223295D-02, &
       1.64231258930D-02,  2.20996958736D-02,  2.96400942278D-02,  3.95385050500D-02,  5.24078149405D-02,  6.87615215337D-02, &
       8.91013723344D-02,  1.13192375541D-01,  1.40192739735D-01,  1.66618485339D-01,  1.87030308669D-01,  1.89612379729D-01, &
       1.61380285157D-01,  8.29859362099D-02, -4.46335736689D-02, -2.01737898138D-01, -2.84006740802D-01, -1.90854624427D-01, &
       1.45861570853D-01,  3.42338340245D-01,  5.72930699760D-02, -4.71068534718D-01,  2.63969067746D-01,  8.25956507901D-02/
  DATA (WJ1(J9),J9= 20,109)/ &
       -2.22236420794D-01,  2.04428998525D-01, -1.44401888321D-01,  9.24618900674D-02, -5.69896615248D-02,  3.45697730305D-02, &
       -2.08227940873D-02,  1.25054653306D-02, -7.50178808640D-03,  4.49828025678D-03, -2.69688071237D-03,  1.61678766116D-03, &
       -9.69249547051D-04,  5.81052166908D-04, -3.48332124427D-04,  2.08819730575D-04, -1.25184162926D-04,  7.50459390809D-05, &
       -4.49888596104D-05,  2.69701130091D-05, -1.61681580285D-05,  9.69255610555D-06, -5.81053473294D-06,  3.48332405883D-06, &
       -2.08819791213D-06,  1.25184175990D-06, -7.50459418954D-07,  4.49888602168D-07, -2.69701131398D-07,  1.61681580566D-07, &
       -9.69255611161D-08,  5.81053473425D-08, -3.48332405911D-08,  2.08819791219D-08, -1.25184175991D-08,  7.50459418957D-09, &
       -4.49888602168D-09,  2.69701131398D-09, -1.61681580566D-09,  9.69255611161D-10, -5.81053473425D-10,  3.48332405911D-10, &
       -2.08819791219D-10,  1.25184175991D-10, -7.50459418957D-11,  4.49888602168D-11, -2.69701131398D-11,  1.61681580566D-11, &
       -9.69255611161D-12,  5.81053473425D-12, -3.48332405911D-12,  2.08819791219D-12, -1.25184175991D-12,  7.50459418957D-13, &
       -4.49888602168D-13,  2.69701131398D-13, -1.61681580566D-13,  9.69255611161D-14, -5.81053473425D-14,  3.48332405911D-14, &
       -2.08819791219D-14,  1.25184175991D-14, -7.50459418957D-15,  4.49888602168D-15, -2.69701131398D-15,  1.61681580566D-15, &
       -9.69255611161D-16,  5.81053473425D-16, -3.48332405911D-16,  2.08819791219D-16, -1.25184175991D-16,  7.50459418957D-17, &
       -4.49888602168D-17,  2.69701131398D-17, -1.61681580566D-17,  9.69255611161D-18, -5.81053473425D-18,  3.48332405911D-18, &
       -2.08819791219D-18,  1.25184175991D-18, -7.50459418957D-19,  4.49888602168D-19, -2.69701131398D-19,  1.61681580566D-19, &
       -9.69255611161D-20,  5.81053473425D-20, -3.48332405911D-20,  2.08819791219D-20, -1.25184175991D-20,  7.50459418957D-21/
  DATA WJ1(110:150)/ &
       -4.49888602168D-21,  2.69701131398D-21, -1.61681580566D-21,  9.69255611161D-22, -5.81053473425D-22,  3.48332405911D-22, &
       -2.08819791219D-22,  1.25184175991D-22, -7.50459418957D-23,  4.49888602168D-23, -2.69701131398D-23,  1.61681580566D-23, &
       -9.69255611161D-24,  5.81053473425D-24, -3.48332405911D-24,  2.08819791219D-24, -1.25184175991D-24,  7.50459418957D-25, &
       -4.49888602168D-25,  2.69701131398D-25, -1.61681580566D-25,  9.69255611161D-26, -5.81053473425D-26,  3.48332405911D-26, &
       -2.08819791219D-26,  1.25184175991D-26, -7.50459418957D-27,  4.49888602168D-27, -2.69701131398D-27,  1.61681580566D-27, &
       -9.69255611161D-28,  5.81053473425D-28, -3.48332405911D-28,  2.08819791219D-28, -1.25184175991D-28,  7.50459418957D-29, &
       -4.49888602168D-29,  2.69701131398D-29, -1.61681580566D-29,  9.69255611161D-30, -5.81053473425D-30/

  !  Niels Christensen shifted cosine filter:
  !  12 points per decade, OMEGA = .3 PI

  DATA DELCOS /.00632173D0 /
  DATA (WCOS (J9), J9 = -200, -21)/ &
       3.27764748749D-18,  3.97096058632D-18,  4.81092858166D-18,  5.82857304036D-18,  7.06147744874D-18,  8.55517523993D-18, &
       1.03648314276D-17,  1.25572799515D-17,  1.52134919784D-17,  1.84315663162D-17,  2.23303523839D-17,  2.70538395400D-17, &
       3.27764748749D-17,  3.97096058632D-17,  4.81092858166D-17,  5.82857304036D-17,  7.06147744874D-17,  8.55517523993D-17, &
       1.03648314276D-16,  1.25572799515D-16,  1.52134919784D-16,  1.84315663162D-16,  2.23303523839D-16,  2.70538395400D-16, &
       3.27764748749D-16,  3.97096058632D-16,  4.81092858166D-16,  5.82857304036D-16,  7.06147744874D-16,  8.55517523993D-16, &
       1.03648314276D-15,  1.25572799515D-15,  1.52134919784D-15,  1.84315663162D-15,  2.23303523839D-15,  2.70538395400D-15, &
       3.27764748749D-15,  3.97096058632D-15,  4.81092858166D-15,  5.82857304036D-15,  7.06147744874D-15,  8.55517523993D-15, &
       1.03648314276D-14,  1.25572799515D-14,  1.52134919784D-14,  1.84315663162D-14,  2.23303523839D-14,  2.70538395400D-14, &
       3.27764748749D-14,  3.97096058632D-14,  4.81092858166D-14,  5.82857304036D-14,  7.06147744874D-14,  8.55517523993D-14, &
       1.03648314276D-13,  1.25572799515D-13,  1.52134919784D-13,  1.84315663162D-13,  2.23303523839D-13,  2.70538395400D-13, &
       3.27764748749D-13,  3.97096058632D-13,  4.81092858166D-13,  5.82857304036D-13,  7.06147744874D-13,  8.55517523993D-13, &
       1.03648314276D-12,  1.25572799515D-12,  1.52134919784D-12,  1.84315663162D-12,  2.23303523839D-12,  2.70538395400D-12, &
       3.27764748749D-12,  3.97096058632D-12,  4.81092858166D-12,  5.82857304036D-12,  7.06147744874D-12,  8.55517523993D-12, &
       1.03648314276D-11,  1.25572799515D-11,  1.52134919784D-11,  1.84315663162D-11,  2.23303523839D-11,  2.70538395400D-11, &
       3.27764748749D-11,  3.97096058632D-11,  4.81092858166D-11,  5.82857304036D-11,  7.06147744874D-11,  8.55517523993D-11, &
       1.03648314276D-10,  1.25572799515D-10,  1.52134919784D-10,  1.84315663162D-10,  2.23303523839D-10,  2.70538395400D-10, &
       3.27764748749D-10,  3.97096058632D-10,  4.81092858166D-10,  5.82857304036D-10,  7.06147744874D-10,  8.55517523993D-10, &
       1.03648314276D-09,  1.25572799515D-09,  1.52134919784D-09,  1.84315663162D-09,  2.23303523839D-09,  2.70538395400D-09, &
       3.27764748749D-09,  3.97096058632D-09,  4.81092858166D-09,  5.82857304036D-09,  7.06147744874D-09,  8.55517523993D-09, &
       1.03648314276D-08,  1.25572799515D-08,  1.52134919784D-08,  1.84315663162D-08,  2.23303523839D-08,  2.70538395400D-08, &
       3.27764748749D-08,  3.97096058632D-08,  4.81092858166D-08,  5.82857304036D-08,  7.06147744874D-08,  8.55517523992D-08, &
       1.03648314276D-07,  1.25572799515D-07,  1.52134919784D-07,  1.84315663162D-07,  2.23303523839D-07,  2.70538395400D-07, &
       3.27764748748D-07,  3.97096058631D-07,  4.81092858163D-07,  5.82857304032D-07,  7.06147744866D-07,  8.55517523979D-07, &
       1.03648314273D-06,  1.25572799511D-06,  1.52134919777D-06,  1.84315663149D-06,  2.23303523815D-06,  2.70538395358D-06, &
       3.27764748674D-06,  3.97096058499D-06,  4.81092857928D-06,  5.82857303614D-06,  7.06147744122D-06,  8.55517522657D-06, &
       1.03648314038D-05,  1.25572799093D-05,  1.52134919033D-05,  1.84315661826D-05,  2.23303521464D-05,  2.70538391177D-05, &
       3.27764741237D-05,  3.97096045276D-05,  4.81092834413D-05,  5.82857261799D-05,  7.06147669760D-05,  8.55517390427D-05, &
       1.03648290523D-04,  1.25572757278D-04,  1.52134844670D-04,  1.84315529598D-04,  2.23303286305D-04,  2.70537973035D-04, &
       3.27763997594D-04,  3.97094723005D-04,  4.81090482791D-04,  5.82853080445D-04,  7.06140233231D-04,  8.55504167951D-04, &
       1.03645938870D-03,  1.25568576016D-03,  1.52127408052D-03,  1.84302307509D-03,  2.23279769616D-03,  2.70496162210D-03/

  DATA (WCOS (J9), J9= -20, 99)/ &
       3.27689631886D-03,  3.96962511374D-03,  4.80855324839D-03,  5.82435024343D-03,  7.05396657593D-03,  8.54182367870D-03, &
       1.03410843805D-02,  1.25150721296D-02,  1.51384287367D-02,  1.82981828574D-02,  2.20932012652D-02,  2.66326428704D-02, &
       3.20280504750D-02,  3.83817031757D-02,  4.57529090015D-02,  5.41138165506D-02,  6.32336060872D-02,  7.25429239280D-02, &
       8.07814005943D-02,  8.56648215301D-02,  8.29754131995D-02,  6.61728839009D-02,  2.49099879313D-02, -5.25662370332D-02, &
       -1.77257695902D-01, -3.38275600250D-01, -4.82415902998D-01, -4.55992280486D-01, -7.52812327135D-02,  6.65970979261D-01, &
       8.99170503986D-01, -3.96592370781D-01, -1.38198747238D+00,  1.66395693227D+00, -9.30334922154D-01,  3.30012032268D-01, &
       -8.19311720454D-02,  1.48662188728D-02, -2.13960121462D-03,  2.89777944084D-04, -4.10252655190D-05,  5.96303531789D-06, &
       -8.72916816254D-07,  1.28031659199D-07, -1.87886052472D-08,  2.75763186999D-09, -4.04758530392D-10,  5.94101668614D-11, &
       -8.72020580969D-12,  1.27995006152D-12, -1.87869546474D-13,  2.75750390141D-14, -4.04729332639D-15,  5.94004630834D-16, &
       -8.70764639675D-17,  1.27459963186D-17, -1.82944370627D-18,  2.67836880337D-19, -3.04833935943D-20,  1.64313000801D-21, &
       3.01142825752D-21, -5.21478596825D-22,  1.37002813677D-21, -6.52797182652D-22,  1.40079856288D-22, -1.40667671784D-22, &
       1.70033730143D-23, -2.74453364807D-23,  2.41787117103D-23, -1.78716987481D-23,  4.99883433782D-24, -4.06084044984D-24, &
       2.89670334941D-24, -8.77965537372D-25,  1.21194987045D-25, -1.74181776862D-25,  1.50307641169D-25, -1.09826064382D-25, &
       3.14586965779D-26, -2.51308231025D-26,  1.77594485992D-26, -1.17543940755D-26,  8.42024121640D-28, -1.10510759608D-27, &
       9.31619291992D-28, -6.75339996352D-28,  1.97531071217D-28, -1.55371775135D-28,  1.08953022579D-28, -7.17780762223D-29, &
       2.55398099963D-29, -6.99012347840D-30,  5.76787420019D-30, -4.15016624873D-30,  1.23507827864D-30, -9.59703688264D-31, &
       6.68070421281D-31, -4.37770918800D-31,  1.57257106203D-31, -1.06708053061D-31,  3.57322505765D-32, -2.54887457918D-32, &
       7.72541668811D-33, -5.92277283725D-33,  4.09438835539D-33, -1.32259081936D-33,  1.67919911757D-33, -2.76812163102D-34, &
       2.21131777864D-34,  5.28010221339D-35,  1.03429563330D-34, -7.40916006860D-36,  9.72409086858D-36, -8.19752817047D-36, &
       -2.58911797964D-36, -3.98829026336D-36,  1.78104494324D-37, -3.32579083872D-37,  3.00732538418D-37, -2.24730545742D-37/

END MODULE FRANKEN_FILTER_COEFFICIENTS


module franken_subroutines

  implicit none

  private




  public :: FRNK_LEROI_3D


contains


  SUBROUTINE FRNK_LEROI_3D (NFRQ,FREQ,NSTAT,SX,SY,SZ,TXAZI, &
       RX,RY,RZ,NLYR,THK,RES,REPS,CHRG,CTAU,CFREQ, &
       NPLT,MXAB,CELLW,PLNGTH,PLWDTH,XCNTR,YCNTR,PLTOP,PLAZM,PLDIP,PLUNJ,  &
       INTRUDE,SIG_T,CHRGP,CTAUP,CFREQP,BFD_SCAT,leroiair_failure_count)
    !----------------------------------------------------------------------------------------------

    !***  Called by MAIN
    !***  Calls SET_MGT, SET_MAX_INTRP

    ! Main routine for 3D Leroi computation for the scattered field.
    ! For magnetic dipole and loop receivers, BFD_SCAT in Teslas per unit amp.
    !
    ! For magnetic dipole receivers, BFD_SCAT(JF,JR,JS,1:3) contains the
    ! 1: north, 2: east & 3:vertical components for frequency JF, transmitter JS, receiver JR.
    !
    ! The response for electric dipoles and loop receivers is contained in BFD_SCAT(JF,JR,JS,1),
    ! BFD_SCAT(JF,JR,JS,2:3) is set to zero.
    !
    !   NFRQ         - number of frequencies
    !   FREQ         - array of frequencies
    !   SOURCE_TYPE  = 1 => general loop
    !                = 2 => grounded wire
    !                = 3 => magnetic dipole
    !                = 4 => coincident loop
    !   NTX          - number of transmitter positions
    !   MXVRTX       - maximum number of vertices for any transmitter
    !   NVRTX(J)     - number of vertices for transmitter J
    !   SXE(K,J)     = local east coordinate of vertex K for loop position J
    !   SXN(K,J)     = local coordinate of vertex K for loop position J
    !   SXZ(J)       = depth of Tx J
    !   SXDIP(J)     = dip (in radians) of dipole J (eg; vertical = 0, horizontal = 90)
    !   SXAZM(J)     = azimuth (in radians) of dipole J (north = 0, east = 90)
    !   NRXTX(J)     - number of receivers for transmitter J
    !   MRXTX        - maximum number of receivers per transmitter
    !   RXID(I,J)    - RX_TYPE of receiver I for transmitter J. 1 => MD; 2 => ED; 4=> cdnt loop.
    !   MQVR         - maximum number of vertices for all receivers (= 1 if all sources are magnetic dipoles)
    !   XRXTX(I,J,K) - north coordinate of the Kth vertex of the Ith receiver of transmitter J
    !   YRXTX(I,J,K) - east coordinate of the Kth vertex of the Ith receiver of transmitter J
    !   ZRXTX(I,J)   - depth of the Ith receiver of transmitter J
    !                - K = 1 only for mag dipole Rx; 1 to 2 for electric dipole Rx; 1 to 4 for loop Rx
    !   NLYR         - number of layers
    !   RES          - layer conductivities
    !   RMUD         - mu(i) / mu(0)
    !   REPS         - array of relative dislectric constants
    !   THKD         - thicknesses of NLYR -1 layers above basement
    !   CHRG         - C-C chargeability
    !   CTAU         - array of layer relaxation times (sec).
    !   CFREQ        - array of layer frequency parameters.
    !   RHOTRP       - horizontal distance interpolation array (15 pts / decade) of dimension MXRHO
    !
    !           Parameters for NPLT plates
    !           --------------------------
    !
    !   MXAB   - Number of cells in biggest plate
    !   CELLW  - nominal cell dimension
    !   PLNGTH - strike length for each plate
    !   PLWDTH - dip width for each plate
    !   XCNTR  - north coordinates of plate reference & pivot point
    !   YCNTR  - east coordinates of plate reference & pivot point
    !   PLTOP  - depth to top from surface
    !   PLAZM  - strike angle (radians) = dip azimuth - pi/2
    !   PLDIP  - dip angle
    !   PLUNJ  - plunge rotation
    !   SIG_T  - conductivity thickness product
    !   CHRGP  - Cole Cole chargeability
    !   CTAUP  - Cole Cole time constant
    !   CFREQP - Cole Cole frequency constant
    !


    IMPLICIT NONE
    INTEGER, PARAMETER :: QL=SELECTED_REAL_KIND(12,80)

    INTEGER NFRQ,NSTAT,NLYR
    REAL FREQ(NFRQ),THK(NLYR-1),RES(NLYR)
    REAL SX(NSTAT),SY(NSTAT),SZ(NSTAT),TXAZI(NSTAT),RX(NSTAT,1),RY(NSTAT,1),RZ(NSTAT,1)
    INTEGER NPLT,MXAB
    REAL CELLW,PLNGTH(NPLT),PLWDTH(NPLT),XCNTR(NPLT),YCNTR(NPLT),PLTOP(NPLT)
    REAL PLAZM(NPLT),PLDIP(NPLT),PLUNJ(NPLT),SIG_T(NPLT)
    REAL CHRGP(NPLT),CTAUP(NPLT),CFREQP(NPLT)
    COMPLEX BFD_SCAT(NFRQ,NSTAT,3)

    REAL,DIMENSION(NLYR):: REPS,CHRG,CTAU,CFREQ


    INTEGER IPR,SOURCE_TYPE,MXVRTX,NTX,NVRTX(NSTAT),NRXTX(NSTAT),MRXTX,RXID(1,NSTAT)
    INTEGER MQVR,MXRS
    INTEGER MXRHO
    REAL, DIMENSION(1,NSTAT) :: SXN,SXE
    REAL,DIMENSION(NSTAT)   :: SXDIP,SXAZM,SXZ
    REAL, DIMENSION(1,NSTAT)    ::   ZRXTX
    REAL, DIMENSION(1,NSTAT,1)  :: XRXTX,YRXTX


    LOGICAL INTRUDE,INVERT
    REAL(KIND=QL) RMUD(0:NLYR)
    REAL(KIND=QL), DIMENSION(NLYR) :: THKD
    REAL,ALLOCATABLE :: RHOTRP(:)
    COMPLEX,ALLOCATABLE :: BFD_SCAT_GLOBAL(:,:,:,:)


    INTEGER leroiair_failure_count

    IPR=0
    SOURCE_TYPE=3
    NTX=NSTAT
    NVRTX=1
    MXVRTX=1
    SXN(1,:)=SX
    SXE(1,:)=SY
    SXZ=-SZ
    SXDIP=0

    SXAZM=TXAZI !+PLAZM

    NRXTX=1
    MRXTX=1
    RXID=1
    MQVR=1
    MXRS=1

    ZRXTX(1,:)=-RZ(:,1)
    XRXTX(1,:,1)=RX(:,1)
    YRXTX(1,:,1)=RY(:,1)

    RMUD=1.
    INTRUDE=.FALSE.
    THKD(1:NLYR-1)=THK(1:NLYR-1)

    INVERT=.TRUE.

    ALLOCATE(BFD_SCAT_GLOBAL(NFRQ,MRXTX,NTX,3))

    call SET_RHO(MXRHO,RHOTRP)

    !print *,plunj
    !print *,SXN
    !print *,SXE
    !print *,XRXTX
    !print *,YRXTX


    call LEROI_3D (IPR,NFRQ,FREQ,SOURCE_TYPE,NTX,MXVRTX,NVRTX,SXN,SXE,SXZ,SXDIP,SXAZM,NRXTX, &
         MRXTX,RXID,MQVR,MXRS,XRXTX,YRXTX,ZRXTX,NLYR,THKD,RES,RMUD,REPS,CHRG,CTAU, &
         CFREQ,NPLT,MXAB,CELLW,PLNGTH,PLWDTH,XCNTR,YCNTR,PLTOP,PLAZM,PLDIP,PLUNJ,  &
         INTRUDE,SIG_T,CHRGP,CTAUP,CFREQP,MXRHO,RHOTRP,INVERT,BFD_SCAT_GLOBAL,leroiair_failure_count)


    !print *,SXAZM

    CALL ROT_BFT_FOR_LEROIAIR(SXAZM,BFD_SCAT_GLOBAL,BFD_SCAT,NFRQ,NSTAT)



    DEALLOCATE(BFD_SCAT_GLOBAL)
    DEALLOCATE(RHOTRP)
  END subroutine FRNK_LEROI_3D



  SUBROUTINE SET_RHO(MXRHO,RHOTRP)
    !  ------------------

    !  Sets up horizontal interpolation array (12 digit precision) for Hankel transforms
    !  from 0.1 m to 10 km

    !***  Called by READ_LEROI_DATA

    USE FRANKEN_FILTER_COEFFICIENTS

    REAL(KIND=QL), ALLOCATABLE :: B(:)
    REAL(KIND=QL) QRHO, RBASE
    INTEGER MXRHO
    REAL,ALLOCATABLE :: RHOTRP(:)
    INTEGER JR

    !  Set the horizontal interpolation grid to conform to filter intervals.

    QRHO = LOG (10._QL) / REAL (NDEC_JN,KIND=QL)
    QRHO = EXP (QRHO)
    RBASE = EXP (REAL (-SHFTJN,KIND=QL))

    ALLOCATE (B(1000))
    B(1) = .1_QL

    DO JR = 1,1000                 !  Get starting point
       IF (RBASE < B(1)) EXIT
       RBASE = RBASE / QRHO
    END DO
    B(1) = RBASE

    DO JR = 2, 10000
       MXRHO = JR
       B(JR) = B(JR-1) * QRHO
       IF (B(JR) > 1.D4) EXIT
    END DO

    ALLOCATE (RHOTRP(MXRHO))
    RHOTRP(1:MXRHO) = REAL ( B(1:MXRHO))
    DEALLOCATE (B)

  END SUBROUTINE SET_RHO

  REAL FUNCTION DPROD1 (N,N1,N2,A,B,C)
    !------------------------------------

    !***  Called by: ESVD, SOLVE2

    !     Double precision inner product routine
    !     DPROD = A + B * C

    !         A = scalar
    !       B,C = vectors (can be rows or columns of arrays)
    !         N = length of vectors
    !     N1,N2 = increment for b,c
    !           = 1 if col of array
    !           = col length (i.e. no. of rows) if row of array

    !  DPROD must be declared external by any routine using it because there is
    !  a standard intrinsic FUNCTION with the same name.
    !  If omitted compilation warnings result.

    IMPLICIT NONE
    INTEGER N,NA,NB,N1,N2,I
    DOUBLE PRECISION Z1,Z2,Z3
    REAL A,B(*), C(*)

    INTENT (IN) N,N1,N2,A,B,C

    Z1=A
    IF (N >= 1) THEN
       NA=1
       NB=1
       DO I = 1, N
          Z2 = B(NA)
          Z3 = C(NB)
          Z1 = Z1 + Z2*Z3
          NA = NA + N1
          NB = NB + N2
       END DO
    END IF
    DPROD1 = REAL (Z1)

  END FUNCTION DPROD1

  REAL FUNCTION COSTRN (WF,YFRQ,NFRQ,T)
    !-------------------------------------

    !***  Calls CUBVAL
    !***  Called by TDEM_3D

    ! LAST MODIFICATION DATE: October, 2001

    ! Produces time-domain value at time T by cosine transformation of NFRQ
    ! frequency-domain values contained in cubic spline array YFRQ.
    ! Array WF contains the LOG (base e) of the angular frequency values.

    ! The routine uses filter coefficients derived from the Niels Christensen
    ! fast Hankel transform routine FILCOA at a spacing of 12 points per decade
    ! and omega = 0.3.  Various filters were tested using a vertical magnetic
    ! dipole receiver in a very large circular for which accurate frequency
    ! and time-domain solutions were programmed.  This particular filter gave
    ! the overall best accuracy for 1/2 spaces ranging in resistivity from
    ! .1 to 10,000 ohm-m for times ranging from .01 to 50 msec.


    !  K(W,T) = (2/PI) * F(W) * COS(WT) dW

    ! Letting X = WT, the above becomes
    !
    !  K(W,T) = (2/PI*T) * F(X/T) * COS(X) dX
    !
    ! From Abramowitz and Stegun, COS(X) = SQRT(X*PI/2) * J(-1/2:X).
    ! Filter Coefficients are used to represent X**(1/2) * J(-1/2:X)
    !
    !  COSTRN = SQRT (2/PI) * SUM(i) { WCOS(i) * F [X(i) /T] }

    ! The accumulation is done using 12 digit precision


    USE FRANKEN_FILTER_COEFFICIENTS

    IMPLICIT NONE
    INTEGER, PARAMETER :: NDEC_COS=12, KFLOW=-200, KFHIGH=99
    REAL, PARAMETER :: FAC=.7978846, TOL=1.0E-6
    INTEGER J1,NFRQ
    REAL WF(NFRQ),YFRQ(4,NFRQ),T,YS,V1
    REAL(KIND=QL) DELTA,Y1,Y,TD,YTYM,VAL

    INTENT (IN) WF,YFRQ,NFRQ,T


    DELTA = LOG (10._QL)/ REAL (NDEC_COS, KIND=QL)
    TD = REAL (T, KIND=QL)
    YTYM = 0.
    Y1 = -LOG (TD) -DELCOS

    ! Begin right side convolution at weight 0.
    ! Stop when frequency domain array is exhausted.

    MOVE_HIGH: DO J1 = 0, KFHIGH

       Y = Y1 + J1 * DELTA
       YS = REAL(Y)
       IF (YS > WF(NFRQ)) EXIT MOVE_HIGH
       IF (YS < WF(1)) YS = WF(1)
       V1 = CUBVAL (WF,YFRQ,NFRQ,YS)
       VAL = WCOS(J1) * REAL (V1,KIND=QL)
       YTYM = YTYM + VAL
    END DO MOVE_HIGH

    Y = Y1

    ! Begin left side convolution at weight -1.
    ! When log angular frequency is less than WF(3), check convergence.
    ! Continue left using the fact that impulse B is inversely proportional to
    ! frequency as freq -> 0; i.e., step response B is constant.

    MOVE_LOW: DO J1 = -1, KFLOW, -1

       Y = Y1 + J1 * DELTA
       YS = REAL(Y)
       IF (YS > WF(NFRQ)) CYCLE
       IF (YS < WF(1)) YS = WF(1)
       V1 = CUBVAL (WF,YFRQ,NFRQ,YS)
       VAL = WCOS(J1) * REAL (V1,KIND=QL)
       YTYM = YTYM + VAL
       IF ((Y < WF(3))) THEN
          IF (ABS (VAL) < TOL * ABS (YTYM)) EXIT MOVE_LOW
       END IF
    END DO MOVE_LOW

    COSTRN = FAC * REAL (YTYM) / T

  END FUNCTION COSTRN

  REAL FUNCTION CUBINT (X_ARRAY, Y_VAL, NVAL, X1, X2)
    ! ---------------------------------------------------

    !  Integrates a FUNCTION from X1 to X2 using its cubic spline representation.

    !***  Called by  TXCNVD, TXCNVL
    !***  Calls INTERV.  On exit from INTERV
    !
    !       MFLAG = -1  : X is to the left of interpolated range
    !             =  1  : X is to the right of interpolated range
    !             =  0  : X is in the interpolated range

    !      NVAL - total number of knots including endpoints.
    !
    !     X_ARRAY(I), I = 1,NVAL - Location of the X coordinate for each known Y value.
    !                              The rightmost data point used to calculate coefficients
    !                              is not included.
    !
    !     Y_VAL(J,I), J = 1,4; I = 1,NVAL
    !
    !              The coefficients of the cubic spline represent the
    !              indefinite integral of F, on the I'th interval, as:
    !
    !       INTGR [ F(X) ] = Y_VAL(4,I)/24 * H**4  +  Y_VAL(3,I)/6 * H**3  +
    !                        Y_VAL(2,I)/2 * H**2  +  Y_VAL(1,I) * H
    !
    !                          WITH  H = X - X_ARRAY(K)
    !
    !  This is a modification of the FUNCTION PPVALU in the book
    !  "A PRACTICAL GUIDE TO SPLINES"  by C. DE BOOR

    !*********************************************************************

    IMPLICIT NONE
    INTEGER I,I1,I2,MFLAG,NVAL
    REAL H,H1,H2,X1,X2,X_ARRAY(NVAL), Y_VAL(4,NVAL)

    !  Find the indices I1 and I2 of largest breakpoints to the left of X1
    !  and X2 respectively.
    !
    CALL INTERV ( X_ARRAY, NVAL-1, X1, I1, MFLAG )
    CALL INTERV ( X_ARRAY, NVAL-1, X2, I2, MFLAG )
    H1 = X1 - X_ARRAY(I1)
    IF (MFLAG == -1) H1 = 0.

    H2 = X2 - X_ARRAY(I2)
    CUBINT = (((Y_VAL(4,I2)*H2/4.0 + Y_VAL(3,I2) )*H2/3.0 + &
         Y_VAL(2,I2) )*H2/2.0 + Y_VAL(1,I2) )*H2 &
         - (((Y_VAL(4,I1)*H1/4.0 + Y_VAL(3,I1) )*H1/3.0 + &
         Y_VAL(2,I1) )*H1/2.0 + Y_VAL(1,I1) )*H1

    !  Include integrals over intervening intervals.

    IF (I2 > I1) THEN
       DO I = I1, I2-1
          H = X_ARRAY(I+1) - X_ARRAY(I)
          CUBINT = CUBINT + (((Y_VAL(4,I)*H/4.0 + Y_VAL(3,I) )*H/3.0 + &
